1,10.64
2,6.22
3,10.14
4,8.53
5,9.84
6,9.79
7,6.17
8,10.88
9,6.41
10,16.09
11,25.64
12,26.47
13,14.63
14,26.95
15,16.07
16,13.12
17,23.65
18,24.54
19,10.49
20,25.04
21,23.35
22,23.98
23,26.50
24,27.54
25,29.31
26,25.70
27,25.23
28,24.32
29,12.34
30,23.20
31,25.29
32,19.10
33,14.67
34,20.40
35,24.30
36,23.57
37,21.20
38,24.30
39,24.24
40,17.33
41,15.19
42,20.97
43,14.12
44,27.41
45,20.19
46,15.22
47,27.41
48,27.29
49,21.47
50,27.75
51,13.55
52,24.67
53,22.30
54,26.39
55,30.11
56,29.40
57,24.76
58,22.19
59,15.40
60,9.16
61,25.88
62,32.18
63,10.17
64,10.42
65,31.30
66,33.56
67,9.54
68,33.93
69,25.85
70,29.43
71,22.62
72,32.69
73,12.52
74,35.79
75,32.64
76,21.44
77,34.66
78,20.46
79,37.54
80,32.41
81,16.35
82,15.02
83,31.55
84,35.84
85,13.96
86,28.95
87,12.32
88,14.15
89,28.06
90,38.49
91,27.84
92,27.66
93,13.16
94,34.69
95,13.62
96,21.82
97,32.46
98,21.20
99,7.84
100,15.09
101,22.36
102,5.06
103,36.83
104,30.96
105,16.83
106,7.92
107,22.84
108,11.43
109,9.50
110,15.76
111,7.81
112,13.57
113,13.38
114,13.69
115,21.66
116,14.14
117,21.31
118,19.70
119,12.32
120,14.58
121,18.55
122,13.85
123,14.97
124,12.76
125,14.84
126,12.98
127,15.58
128,16.94
129,13.08
130,15.99
131,15.08
132,16.03
133,14.95
134,15.44
135,12.55
136,8.81
137,14.19
138,13.23
139,16.36
140,9.71
141,8.77
142,10.70
143,8.16
144,11.35
145,9.59
146,13.09
147,9.00
148,19.89
149,8.87
150,20.34
151,18.59
152,8.62
153,16.93
154,19.69
155,49.92
156,6.44
157,6.62
158,4.96
159,4.04
160,3.65
161,7.95
162,15.92
163,87.07
164,54.09
165,39.73
166,10.13
167,17.00
168,20.76
169,22.70
170,52.09
171,43.56
172,23.88
173,20.84
174,15.33
175,38.05
176,10.52
177,65.86
178,51.18
179,54.27
180,71.00
181,70.69
182,30.56
183,48.50
184,81.87
185,34.62
186,46.72
187,36.54
188,35.16
189,31.10
190,34.70
191,28.29
192,36.08
193,21.45
194,56.45
195,22.84
196,57.99
197,61.14
198,39.85
199,70.65
200,68.59
201,61.73
202,49.21
203,26.52
204,33.55
205,85.69
206,20.39
207,20.09
208,20.41
209,17.89
210,17.43
211,19.53
212,25.01
213,23.94
214,12.02
215,20.68
216,28.25
217,16.34
218,30.98
219,15.36
220,24.37
221,19.28
222,12.00
223,17.14
224,14.56
225,15.27
226,35.59
227,21.73
228,5.83
229,17.13
230,10.85
231,18.66
232,57.39
233,92.73
234,68.22
235,63.30
236,85.96
237,76.23
238,54.02
239,53.19
240,85.48
241,64.47
242,67.72
243,43.67
244,42.83
245,42.78
246,47.72
247,60.27
248,68.92
249,72.23
250,62.38
251,96.57
252,50.16
253,59.60
254,30.34
255,31.19
256,60.48
257,42.20
258,62.15
259,35.01
260,69.02
261,41.80
262,52.68
263,29.14
264,28.99
265,48.84
266,39.83
267,25.83
268,32.56
269,30.84
270,20.80
271,31.83
272,41.61
273,24.14
274,33.75
275,32.88
276,26.04
277,36.93
278,27.07
279,33.05
280,16.38
281,36.26
282,27.89
283,50.08
284,28.22
285,31.20
286,22.28
287,14.70
288,12.81
289,11.02
290,30.74
291,5.18
292,42.06
293,34.82
294,26.49
295,47.28
296,18.11
297,14.56
298,74.54
299,31.18
300,27.69
301,60.30
302,77.72
303,113.46
304,16.89
305,21.02
306,139.47
307,24.22
308,24.83
309,33.14
310,32.35
311,12.07
312,26.61
313,34.52
314,21.59
315,25.25
316,29.16
317,16.66
318,10.18
319,14.94
320,49.93
321,11.62
322,29.88
323,51.13
324,42.19
325,147.34
326,16.03
327,19.40
328,13.19
329,34.48
330,16.42
331,20.62
332,14.57
333,13.58
334,20.16
335,10.06
336,16.94
337,35.04
338,11.96
339,16.93
340,20.00
341,13.64
342,20.25
343,24.05
344,15.64
345,11.01
346,22.42
347,22.63
348,15.35
349,11.63
350,16.81
351,16.55
352,33.50
353,12.70
354,32.62
355,11.18
356,20.88
357,15.93
358,13.18
359,11.78
360,14.08
361,22.86
362,13.55
363,11.95
364,20.05
365,11.84
366,16.17
367,21.05
368,27.23
369,20.96
370,20.46
371,10.98
372,26.20
373,23.70
374,22.98
375,4.91
376,6.91
377,17.84
378,26.32
379,34.32
380,30.51
381,6.62
382,18.89
383,43.59
384,12.47
385,90.72
386,18.09
387,56.83
388,68.25
389,19.18
390,29.34
391,24.54
392,17.99
393,10.50
394,17.08
395,20.16
396,42.17
397,21.41
398,36.73
399,23.70
400,24.19
401,74.15
402,24.07
403,64.72
404,21.72
405,38.99
406,40.22
407,27.59
408,46.25
409,21.48
410,40.53
411,58.34
412,41.69
413,46.57
414,52.44
415,20.75
416,10.78
417,25.06
418,16.41
419,23.86
420,17.00
421,21.19
422,11.41
423,28.06
424,7.29
425,24.46
426,9.90
427,17.79
428,48.44
429,36.08
430,12.92
431,43.98
432,26.55
433,13.45
434,14.77
435,11.45
436,11.61
437,4.57
438,19.80
439,17.47
440,46.62
441,7.63
442,9.95
443,42.36
444,49.91
445,22.04
446,55.44
447,61.39
448,9.79
449,42.72
450,25.91
451,33.42
452,45.55
453,20.09
454,10.07
455,16.48
456,32.32
457,19.73
458,22.21
459,10.97
460,32.14
461,15.02
462,13.68
463,7.21
464,21.36
465,29.92
466,35.80
467,45.73
468,86.15
469,13.91
470,37.67
471,93.75
472,40.00
473,46.02
474,84.06
475,35.93
476,25.14
477,47.28
478,11.66
479,37.18
480,19.87
481,26.27
482,25.46
483,19.58
484,10.66
485,13.13
486,38.36
487,106.80
488,16.34
489,28.37
490,13.57
491,116.21
492,25.38
493,11.83
494,25.39
495,23.73
496,26.98
497,26.07
498,24.22
499,36.34
500,100.58
501,29.95
502,45.95
503,73.79
504,44.74
505,76.40
506,43.10
507,14.67
508,74.36
509,85.56
510,16.88
511,49.91
512,61.95
513,19.42
514,38.40
515,63.15
516,49.38
517,25.11
518,82.41
519,88.84
520,30.00
521,60.51
522,45.49
523,38.88
524,51.67
525,49.48
526,116.84
527,47.25
528,51.72
529,43.55
530,116.92
531,53.72
532,39.05
533,121.15
534,58.28
535,40.51
536,112.59
537,36.94
538,21.91
539,80.63
540,18.06
541,21.39
542,111.68
543,22.61
544,32.51
545,119.38
546,29.24
547,53.11
548,100.16
549,35.49
550,117.84
551,49.21
552,46.85
553,36.62
554,115.38
555,34.22
556,54.89
557,76.97
558,118.69
559,44.40
560,64.59
561,153.89
562,48.80
563,39.02
564,87.49
565,132.89
566,45.15
567,104.93
568,41.88
569,106.34
570,43.16
571,96.80
572,54.72
573,111.02
574,32.74
575,94.49
576,111.39
577,43.99
578,40.70
579,99.69
580,40.13
581,44.23
582,99.00
583,34.29
584,51.38
585,40.37
586,113.94
587,39.06
588,114.48
589,121.31
590,42.49
591,102.69
592,93.35
593,33.88
594,64.81
595,30.56
596,40.36
597,106.47
598,114.71
599,67.38
600,94.12
601,26.49
602,109.31
603,59.60
604,10.27
605,111.40
606,157.77
607,49.65
608,121.63
609,7.27
610,9.37
611,139.69
612,5.45
613,5.93
614,5.76
615,9.96
616,9.17
617,12.47
618,10.62
619,8.04
620,10.28
621,9.29
622,10.26
623,9.04
624,7.91
625,9.80
626,13.48
627,10.39
628,10.39
629,12.54
630,4.88
631,10.38
632,12.24
633,13.56
634,14.65
635,11.25
636,14.39
637,8.66
638,8.79
639,10.01
640,8.54
641,9.48
642,12.49
643,10.43
644,6.59
645,13.41
646,6.28
647,11.84
648,8.45
649,8.52
650,8.59
651,14.98
652,11.11
653,15.29
654,8.29
655,123.44
656,12.88
657,74.19
658,97.34
659,122.18
660,22.10
661,129.44
662,17.66
663,45.98
664,19.76
665,13.25
666,99.88
667,147.61
668,86.68
669,108.06
670,14.60
671,71.87
672,96.11
673,19.43
674,16.27
675,18.96
676,16.86
677,21.34
678,20.79
679,20.57
680,18.75
681,22.14
682,18.88
683,23.35
684,18.99
685,19.73
686,22.56
687,23.16
688,23.20
689,21.44
690,22.27
691,18.35
692,19.67
693,20.92
694,28.85
695,17.60
696,14.92
697,15.75
698,20.78
699,12.35
700,17.03
701,11.53
702,12.79
703,19.10
704,11.99
705,12.50
706,13.38
707,10.67
708,14.36
709,26.59
710,7.94
711,12.71
712,8.65
713,19.15
714,12.23
715,15.20
716,9.42
717,16.91
718,11.97
719,16.84
720,8.88
721,19.91
722,18.61
723,23.15
724,17.89
725,7.80
726,26.27
727,16.71
728,18.12
729,13.29
730,15.10
731,18.63
732,10.22
733,17.23
734,16.49
735,14.64
736,11.94
737,17.88
738,27.28
739,27.13
740,19.55
741,30.93
742,17.24
743,24.12
744,11.52
745,22.30
746,25.19
747,9.89
748,18.73
749,22.91
750,10.47
751,20.93
752,25.38
753,19.96
754,25.21
755,20.11
756,21.08
757,25.86
758,17.45
759,14.80
760,20.12
761,14.77
762,20.39
763,22.54
764,13.36
765,17.19
766,18.06
767,17.68
768,23.20
769,16.04
770,21.69
771,23.33
772,25.32
773,16.40
774,19.65
775,27.39
776,24.55
777,30.84
778,28.23
779,20.17
780,26.62
781,19.30
782,27.87
783,9.42
784,16.43
785,11.16
786,26.08
787,25.97
788,9.60
789,19.59
790,23.79
791,15.34
792,11.69
793,16.90
794,24.37
795,13.61
796,10.96
797,26.46
798,16.91
799,16.72
800,29.00
801,24.42
802,16.23
803,24.74
804,23.35
805,10.80
806,12.21
807,19.32
808,25.35
809,26.30
810,9.97
811,14.86
812,11.71
813,17.76
814,10.66
815,22.99
816,24.17
817,8.07
818,23.64
819,31.60
820,20.61
821,29.57
822,14.10
823,30.29
824,15.24
825,31.36
826,23.74
827,23.25
828,15.47
829,13.22
830,22.70
831,27.12
832,24.07
833,25.21
834,23.21
835,27.44
836,12.84
837,24.14
838,27.20
839,19.70
840,12.59
841,23.19
842,21.30
843,22.51
844,18.41
845,21.11
846,18.73
847,11.10
848,10.85
849,9.66
850,26.17
851,22.62
852,24.44
853,12.55
854,18.84
855,24.54
856,19.15
857,25.45
858,21.36
859,19.62
860,20.27
861,24.63
862,22.77
863,20.03
864,25.64
865,17.94
866,14.65
867,20.88
868,23.43
869,19.81
870,28.96
871,14.03
872,18.50
873,22.31
874,19.48
875,27.10
876,23.48
877,25.21
878,9.68
879,20.08
880,22.16
881,22.96
882,24.93
883,9.12
884,22.24
885,23.84
886,28.69
887,20.58
888,28.60
889,17.27
890,29.99
891,27.62
892,17.88
893,28.23
894,27.58
895,11.63
896,17.99
897,26.56
898,26.72
899,25.85
900,28.48
901,11.33
902,23.82
903,28.31
904,36.07
905,22.15
906,32.28
907,25.52
908,26.30
909,10.38
910,27.32
911,12.06
912,29.33
913,5.19
914,28.42
915,24.58
916,74.34
917,26.57
918,83.08
919,65.86
920,77.33
921,87.99
922,56.70
923,63.29
924,76.36
925,73.75
926,61.82
927,25.02
928,66.83
929,30.87
930,29.41
931,76.77
932,73.45
933,39.09
934,62.01
935,66.96
936,24.94
937,80.09
938,60.27
939,67.63
940,40.56
941,78.60
942,65.13
943,58.41
944,31.79
945,60.13
946,71.54
947,64.84
948,60.80
949,62.00
950,57.99
951,72.54
952,28.34
953,30.59
954,64.36
955,24.59
956,58.56
957,32.94
958,65.48
959,27.10
960,66.25
961,66.39
962,30.27
963,65.66
964,69.73
965,36.62
966,83.88
967,89.31
968,90.34
969,29.37
970,36.03
971,83.34
972,70.12
973,40.78
974,65.37
975,41.55
976,33.20
977,70.37
978,93.35
979,38.74
980,68.49
981,92.15
982,36.68
983,77.76
984,39.55
985,66.19
986,37.34
987,78.99
988,62.78
989,37.94
990,103.41
991,31.86
992,33.51
993,58.60
994,96.64
995,35.16
996,86.33
997,34.31
998,63.37
999,33.62
1000,58.08
