1,17.25
2,10.73
3,17.60
4,17.41
5,20.12
6,15.43
7,5.60
8,19.46
9,6.52
10,25.36
11,31.48
12,31.20
13,34.14
14,34.53
15,31.48
16,37.22
17,32.01
18,35.88
19,21.26
20,34.53
21,34.34
22,34.89
23,39.33
24,38.13
25,40.10
26,34.77
27,36.37
28,34.35
29,24.40
30,23.19
31,28.14
32,19.56
33,27.51
34,21.50
35,26.41
36,30.90
37,25.65
38,17.15
39,17.82
40,29.72
41,30.26
42,30.29
43,33.06
44,22.56
45,27.74
46,32.90
47,22.00
48,23.06
49,27.93
50,21.49
51,34.51
52,21.73
53,18.69
54,30.27
55,34.83
56,30.82
57,20.31
58,19.78
59,32.26
60,12.27
61,41.07
62,26.98
63,12.26
64,13.63
65,40.86
66,41.33
67,12.74
68,42.05
69,27.76
70,41.24
71,23.81
72,39.18
73,15.40
74,40.32
75,40.56
76,25.14
77,41.02
78,23.15
79,41.48
80,42.68
81,26.01
82,39.50
83,40.74
84,43.15
85,25.39
86,39.70
87,13.76
88,24.87
89,37.67
90,42.00
91,35.60
92,35.54
93,20.43
94,44.42
95,21.89
96,33.45
97,40.30
98,31.05
99,11.78
100,21.15
101,32.96
102,12.82
103,41.25
104,43.34
105,22.67
106,11.88
107,32.46
108,12.25
109,10.86
110,22.63
111,11.29
112,22.94
113,10.67
114,9.98
115,32.54
116,9.26
117,29.95
118,31.45
119,9.01
120,9.80
121,30.81
122,9.75
123,19.26
124,9.89
125,17.89
126,10.53
127,17.90
128,32.23
129,8.75
130,28.60
131,12.61
132,28.70
133,18.00
134,30.91
135,15.86
136,14.95
137,28.18
138,15.70
139,27.29
140,10.08
141,12.09
142,11.74
143,12.05
144,10.38
145,11.80
146,11.84
147,12.35
148,29.89
149,12.52
150,29.53
151,31.46
152,12.70
153,26.64
154,57.28
155,122.34
156,14.78
157,12.13
158,12.67
159,9.23
160,8.93
161,13.66
162,29.53
163,102.91
164,114.30
165,54.81
166,21.81
167,17.50
168,41.77
169,28.90
170,85.12
171,83.01
172,42.31
173,59.52
174,29.05
175,101.96
176,24.78
177,109.95
178,64.60
179,98.32
180,114.51
181,123.11
182,84.04
183,89.59
184,103.43
185,63.53
186,68.47
187,72.61
188,60.98
189,64.36
190,64.65
191,66.32
192,57.91
193,44.29
194,73.18
195,41.84
196,85.22
197,89.29
198,54.48
199,83.76
200,87.89
201,75.92
202,87.27
203,47.12
204,65.15
205,86.90
206,49.66
207,33.19
208,34.74
209,33.42
210,29.81
211,41.12
212,32.54
213,25.06
214,22.84
215,19.77
216,34.87
217,16.71
218,14.62
219,17.36
220,14.18
221,18.03
222,14.47
223,9.09
224,22.38
225,19.78
226,16.56
227,23.00
228,17.94
229,37.65
230,28.68
231,44.50
232,87.42
233,157.59
234,118.96
235,111.03
236,137.66
237,144.48
238,101.58
239,111.67
240,155.66
241,118.88
242,128.87
243,91.39
244,74.64
245,94.54
246,104.95
247,145.31
248,89.90
249,86.30
250,106.04
251,118.28
252,82.58
253,89.63
254,64.43
255,81.76
256,113.23
257,70.66
258,103.43
259,54.46
260,56.40
261,81.49
262,66.63
263,48.08
264,47.39
265,87.54
266,47.15
267,34.99
268,56.50
269,58.42
270,37.06
271,51.78
272,48.26
273,45.05
274,55.45
275,46.70
276,35.39
277,47.93
278,52.23
279,60.76
280,25.19
281,48.65
282,60.45
283,56.39
284,24.68
285,34.72
286,25.76
287,23.72
288,16.61
289,19.57
290,37.73
291,11.45
292,37.64
293,39.21
294,32.50
295,47.06
296,19.50
297,8.53
298,72.38
299,31.06
300,23.06
301,62.66
302,64.52
303,103.64
304,28.39
305,27.88
306,149.31
307,27.92
308,26.86
309,38.50
310,41.08
311,17.18
312,41.05
313,49.89
314,34.59
315,26.58
316,44.54
317,38.77
318,30.13
319,38.86
320,69.88
321,23.74
322,50.25
323,45.93
324,46.97
325,147.53
326,34.89
327,35.52
328,20.58
329,47.39
330,30.32
331,37.07
332,39.04
333,26.33
334,50.06
335,24.90
336,29.30
337,52.00
338,21.55
339,29.51
340,29.63
341,24.00
342,28.70
343,27.96
344,20.17
345,29.04
346,48.12
347,31.44
348,31.29
349,32.41
350,35.37
351,31.75
352,39.33
353,26.03
354,45.74
355,24.82
356,32.04
357,23.87
358,20.12
359,22.20
360,25.07
361,51.77
362,20.35
363,18.89
364,44.87
365,21.80
366,15.20
367,43.94
368,39.39
369,37.07
370,25.88
371,16.24
372,36.83
373,45.32
374,31.04
375,10.49
376,12.97
377,32.50
378,35.67
379,47.80
380,30.53
381,11.80
382,32.98
383,48.15
384,9.67
385,82.25
386,20.72
387,44.73
388,56.44
389,11.65
390,16.24
391,23.62
392,21.28
393,14.02
394,11.53
395,18.19
396,29.78
397,19.05
398,21.68
399,12.59
400,18.60
401,56.22
402,16.80
403,62.12
404,18.74
405,38.30
406,31.76
407,33.00
408,47.89
409,26.35
410,36.54
411,51.73
412,40.61
413,39.03
414,55.97
415,28.92
416,13.18
417,38.31
418,17.85
419,22.09
420,13.31
421,29.15
422,17.49
423,27.07
424,6.68
425,16.77
426,6.92
427,11.91
428,40.97
429,47.47
430,7.71
431,49.19
432,11.78
433,15.20
434,23.49
435,18.27
436,19.55
437,2.23
438,18.89
439,22.25
440,43.07
441,5.04
442,10.76
443,31.64
444,43.71
445,13.67
446,50.61
447,56.43
448,5.92
449,46.23
450,18.10
451,20.94
452,32.81
453,9.44
454,5.35
455,14.54
456,27.15
457,16.93
458,13.05
459,4.58
460,25.44
461,9.42
462,9.52
463,9.87
464,1.99
465,21.63
466,31.48
467,34.50
468,41.71
469,0.79
470,21.36
471,48.19
472,37.74
473,38.18
474,52.76
475,39.62
476,4.12
477,55.09
478,20.75
479,38.79
480,19.72
481,23.92
482,44.27
483,18.17
484,12.30
485,18.24
486,34.48
487,141.19
488,32.46
489,43.72
490,24.26
491,117.18
492,40.01
493,24.91
494,45.00
495,48.95
496,23.05
497,45.13
498,31.34
499,52.31
500,90.88
501,35.66
502,53.94
503,57.07
504,52.23
505,102.47
506,57.32
507,17.84
508,64.58
509,108.08
510,20.83
511,67.93
512,61.02
513,22.31
514,54.94
515,76.51
516,64.10
517,52.54
518,63.91
519,73.96
520,21.02
521,63.67
522,105.59
523,35.72
524,56.94
525,71.37
526,117.97
527,52.23
528,73.87
529,46.31
530,130.70
531,86.52
532,46.29
533,116.92
534,95.86
535,57.45
536,120.02
537,42.30
538,48.87
539,80.58
540,34.97
541,40.39
542,146.56
543,43.56
544,49.34
545,111.76
546,44.09
547,51.53
548,110.83
549,38.11
550,123.12
551,51.12
552,53.59
553,42.75
554,125.82
555,35.06
556,60.82
557,94.51
558,136.26
559,55.76
560,83.15
561,140.79
562,48.27
563,50.97
564,91.80
565,127.74
566,52.91
567,104.30
568,51.88
569,106.40
570,53.17
571,104.61
572,63.01
573,115.98
574,44.09
575,95.88
576,118.28
577,47.28
578,53.32
579,96.55
580,46.10
581,57.55
582,115.94
583,41.41
584,62.94
585,42.23
586,104.85
587,58.56
588,113.27
589,113.16
590,49.20
591,107.15
592,116.21
593,38.40
594,87.25
595,29.41
596,53.00
597,99.99
598,103.87
599,81.71
600,89.04
601,43.04
602,119.16
603,76.95
604,15.74
605,122.83
606,85.91
607,34.39
608,136.41
609,11.63
610,14.09
611,147.16
612,9.28
613,9.76
614,9.95
615,7.13
616,5.99
617,17.03
618,20.80
619,14.32
620,16.14
621,15.82
622,18.61
623,10.55
624,19.50
625,16.99
626,17.34
627,22.98
628,22.20
629,20.59
630,8.43
631,23.17
632,21.98
633,17.39
634,18.62
635,18.70
636,17.38
637,8.20
638,22.65
639,18.59
640,16.74
641,8.10
642,17.16
643,18.00
644,12.79
645,31.68
646,16.62
647,33.65
648,15.33
649,19.65
650,18.66
651,39.00
652,31.41
653,37.33
654,18.84
655,127.78
656,27.27
657,70.74
658,84.24
659,113.54
660,11.71
661,86.16
662,26.62
663,33.09
664,34.67
665,17.23
666,97.13
667,125.33
668,107.66
669,138.86
670,29.32
671,78.67
672,94.80
673,57.39
674,59.36
675,70.28
676,56.93
677,70.75
678,67.26
679,57.33
680,55.25
681,70.96
682,64.55
683,68.19
684,52.30
685,62.38
686,62.30
687,64.58
688,59.66
689,61.98
690,63.80
691,60.62
692,63.91
693,67.60
694,26.06
695,21.81
696,18.15
697,19.91
698,20.26
699,15.67
700,24.87
701,7.61
702,17.67
703,16.80
704,17.66
705,17.59
706,22.15
707,15.84
708,17.13
709,17.22
710,10.76
711,13.71
712,8.17
713,13.76
714,19.88
715,15.47
716,16.01
717,18.50
718,12.27
719,18.29
720,8.99
721,17.53
722,23.38
723,20.79
724,22.04
725,9.20
726,21.81
727,18.19
728,23.60
729,16.96
730,13.07
731,20.07
732,14.41
733,22.72
734,20.89
735,21.50
736,11.04
737,19.48
738,23.72
739,21.79
740,18.91
741,23.71
742,18.87
743,23.27
744,12.28
745,22.78
746,23.88
747,11.67
748,17.36
749,22.36
750,13.23
751,18.48
752,20.87
753,19.50
754,20.77
755,23.53
756,20.66
757,23.99
758,19.83
759,22.28
760,24.38
761,20.16
762,18.25
763,26.67
764,16.93
765,15.49
766,17.54
767,17.82
768,23.29
769,22.99
770,18.57
771,19.15
772,22.45
773,17.28
774,17.63
775,23.19
776,18.90
777,25.04
778,20.33
779,19.08
780,19.77
781,16.19
782,17.89
783,13.72
784,17.07
785,12.76
786,16.91
787,25.35
788,13.48
789,16.78
790,19.63
791,13.64
792,9.99
793,19.53
794,24.81
795,13.26
796,12.26
797,22.05
798,14.62
799,13.47
800,25.29
801,24.69
802,16.88
803,16.60
804,20.00
805,12.98
806,13.66
807,15.86
808,18.96
809,23.31
810,11.34
811,16.22
812,14.00
813,17.66
814,11.47
815,22.96
816,21.56
817,10.64
818,19.55
819,23.95
820,19.22
821,26.65
822,15.72
823,25.08
824,14.80
825,24.92
826,22.20
827,22.43
828,14.12
829,14.00
830,19.55
831,22.41
832,24.22
833,25.26
834,22.67
835,24.93
836,12.90
837,24.04
838,22.30
839,21.01
840,14.09
841,24.76
842,26.09
843,18.34
844,24.85
845,16.29
846,17.69
847,12.85
848,11.93
849,13.17
850,27.46
851,26.92
852,24.80
853,13.52
854,18.52
855,22.39
856,18.72
857,20.82
858,20.08
859,18.10
860,15.91
861,23.58
862,19.08
863,17.56
864,20.82
865,14.18
866,12.98
867,20.32
868,23.63
869,15.02
870,21.65
871,13.56
872,16.88
873,16.32
874,20.54
875,20.15
876,21.22
877,21.09
878,12.14
879,16.54
880,17.40
881,18.70
882,17.88
883,12.29
884,17.85
885,18.34
886,24.53
887,16.45
888,22.57
889,16.98
890,18.51
891,22.44
892,16.49
893,18.54
894,23.43
895,13.18
896,16.04
897,19.57
898,19.78
899,18.96
900,23.55
901,12.42
902,18.80
903,24.80
904,24.27
905,20.45
906,23.90
907,19.56
908,25.66
909,9.58
910,21.54
911,12.37
912,23.54
913,7.78
914,23.98
915,27.94
916,37.73
917,27.40
918,47.82
919,39.75
920,41.05
921,48.02
922,61.50
923,36.69
924,43.39
925,33.45
926,34.47
927,29.90
928,34.92
929,35.22
930,34.41
931,46.52
932,40.85
933,49.95
934,39.34
935,39.22
936,27.17
937,45.24
938,34.13
939,33.16
940,54.64
941,42.29
942,41.56
943,31.93
944,33.91
945,35.40
946,45.08
947,34.33
948,32.41
949,33.81
950,28.60
951,47.28
952,38.49
953,30.82
954,43.67
955,28.72
956,29.02
957,30.14
958,41.64
959,34.69
960,36.20
961,35.05
962,30.38
963,34.41
964,36.05
965,33.04
966,42.44
967,42.47
968,48.55
969,28.37
970,34.53
971,47.86
972,33.93
973,38.93
974,36.54
975,37.08
976,36.16
977,33.65
978,56.31
979,40.83
980,31.43
981,53.25
982,37.65
983,37.65
984,33.81
985,36.50
986,36.25
987,38.33
988,33.25
989,36.66
990,56.71
991,29.67
992,31.96
993,26.63
994,50.58
995,30.48
996,36.20
997,34.80
998,30.34
999,29.48
1000,31.16